123
66
59
59
61
58
63
61
60
60
58
60
60
64
58
63
59
62
60
58
59
55
60
59
61
61
61
64
58
70
59
61
66
68
64
64
67
58
67
61
60
58
76
68
63
63
65
59
68
59
60
69
64
60
60
61
59
67
61
59
57
68
69
56
60
62
61
60
60
59
60
62
58
60
61
56
60
64
58
63
59
59
63
63
64
62
65
60
60
63
57
60
61
59
63
64
58
59
61
61
59
58
63
60
61
55
64
58
56
59
61
61
63
58
65
59
56
59
69
62
60
57
59
62
58
60
60
58
59
60
58
60
60
59
60
60
78
60
62
65
61
59
55
56
66
109
58
62
60
64
58
60
67
58
64
61
63
70
65
59
58
59
59
61
60
60
59
63
62
60
65
60
74
56
64
62
70
63
61
66
63
59
61
67
61
62
60
69
64
66
62
71
60
61
61
63
81
68
96
92
63
105
73
64
60
65
62
63
67
58
60
60
60
60
61
74
59
68
61
61
61
62
60
61
62
57
61
57
60
59
62
62
60
67
61
61
61
59
61
58
60
60
65
64
62
65
57
73
63
60
56
59
61
71
58
58
58
59
60
59
64
68
109
59
57
61
61
64
60
64
61
58
59
60
65
60
59
60
60
57
62
60
57
56
61
60
61
63
58
59
74
63
60
59
57
77
70
65
60
57
67
61
68
94
62
61
67
63
60
92
61
59
61
60
66
62
59
61
62
61
63
67
59
60
67
55
59
66
60
61
61
64
62
64
68
69
59
63
60
67
60
63
60
66
61
60
60
56
58
60
98
59
61
59
63
67
60
58
60
79
61
61
63
60
56
60
61
67
58
59
66
65
66
58
70
61
75
65
72
68
119
61
95
59
60
59
59
62
61
60
69
61
69
62
73
63
62
60
61
63
64
61
60
65
62
60
68
67
69
61
60
74
62
59
60
66
73
63
61
58
62
59
66
57
60
59
58
62
64
62
67
63
63
63
67
60
61
62
65
58
61
69
59
62
63
68
63
60
59
67
63
61
70
60
59
62
60
60
69
65
63
58
59
60
69
63
58
62
59
62
62
58
59
58
63
59
70
60
59
58
97
78
65
62
68
60
60
65
63
60
69
59
60
60
66
62
59
64
66
59
58
71
62
66
62
64
75
67
60
60
70
67
64
63
62
61
63
62
63
62
68
64
61
60
70
63
61
61
62
72
61
64
63
60
63
62
71
59
60
65
64
63
59
68
66
62
62
66
66
60
60
84
75
70
62
64
61
64
67
59
67
77
62
69
60
65
60
64
60
60
59
63
66
59
58
69
60
61
58
58
65
63
62
61
64
61
60
63
62
70
60
88
63
57
67
58
59
60
61
62
61
60
61
68
68
59
61
61
59
64
59
69
57
61
61
60
63
63
60
59
72
58
61
60
58
61
75
58
61
62
57
68
62
59
61
95
58
77
81
134
74
173
78
129
143
135
60
169
249
65
76
78
67
59
58
91
63
66
342
127
132
261
156
255
307
313
302
307
306
118
198
146
181
278
94
191
72
72
62
69
102
70
122
148
73
103
73
75
70
72
278
127
82
146
182
75
75
66
65
113
153
120
173
129
150
193
97
124
128
196
162
59
136
72
98
90
171
149
171
163
171
83
170
58
178
174
134
183
183
77
195
150
199
195
107
119
202
107
122
92
72
63
81
170
75
197
108
98
68
87
65
133
79
133
66
161
62
385
83
61
72
63
91
152
123
75
58
59
81
72
165
238
228
198
62
252
248
198
344
309
177
333
306
312
304
254
356
190
253
302
59
349
306
314
192
322
301
197
317
66
344
308
367
350
510
510
205
114
446
415
405
67
69
314
370
186
430
411
438
401
182
339
320
420
420
418
167
439
408
72
440
409
351
354
428
303
407
411
307
421
368
535
408
183
201
264
410
374
438
489
520
503
431
489
513
409
121
498
505
198
427
503
97
518
517
123
489
514
512
518
615
207
509
519
284
517
173
642
408
512
519
512
511
94
520
473
217
514
513
510
506
409
258
586
619
405
370
615
613
503
510
66
607
615
615
408
365
79
65
567
292
70
61
61
67
63
75
73
123
70
60
69
80
56
167
175
73
61
67
147
550
411
466
460
490
570
442
571
453
591
430
629
398
409
601
582
519
592
424
587
425
437
624
433
651
520
612
604
603
427
609
413
608
418
609
871
695
634
147
60
58
58
61
55
63
69
62
71
82
59
65
60
60
58
57
62
60
59
60
59
58
66
57
59
59
60
66
59
60
70
61
659
628
537
419
61
170
60
62
59
96
83
64
116
58
59
60
61
67
59
59
57
72
63
62
62
60
58
60
57
65
65
58
60
560
503
58
60
60
57
62
62
67
59
58
59
58
67
64
63
56
62
59
75
61
62
58
60
57
60
61
62
61
62
79
71
60
60
57
61
61
58
59
68
61
60
60
67
63
60
60
62
56
59
60
69
62
62
61
63
62
63
69
64
91
60
61
115
138
59
61
64
61
65
64
66
77
63
61
64
61
67
638
582
645
62
61
59
65
59
59
71
67
64
62
65
62
68
73
64
63
60
62
60
62
60
62
67
64
66
61
63
60
67
61
64
65
63
62
60
61
71
58
63
61
704
658
654
64
61
63
90
88
73
59
67
58
62
59
62
65
58
58
57
72
58
60
66
68
59
57
65
59
59
61
59
68
58
60
58
59
59
59
63
64
56
61
57
58
59
58
57
65
59
66
615
668
664
381
61
58
63
60
61
56
59
60
58
60
61
60
63
66
61
60
60
61
60
58
60
60
62
66
59
61
69
61
58
60
63
69
61
58
59
70
60
61
59
67
60
63
60
60
60
59
109
60
671
675
696
658
228
67
59
65
65
59
62
57
64
60
59
74
92
61
58
65
62
62
60
66
70
58
62
58
57
60
72
74
62
58
100
73
59
62
74
59
61
59
101
85
66
66
63
122
63
62
68
69
71
64
63
69
70
60
77
58
62
61
90
60
92
65
63
74
127
673
695
