53
58
58
51
60
61
56
62
95
51
56
55
52
62
62
57
56
58
69
62
61
63
54
59
56
51
62
85
50
69
66
64
53
59
63
51
74
58
52
63
57
50
71
60
52
63
65
57
143
60
71
52
68
64
54
68
62
76
58
58
50
58
63
53
56
58
63
56
62
59
52
57
62
50
63
63
49
59
59
51
59
58
65
52
59
55
55
59
61
52
62
60
51
62
57
55
60
58
55
50
59
65
48
58
60
52
69
64
51
58
63
108
118
64
54
60
60
88
56
61
57
49
68
60
50
71
63
53
94
67
51
57
67
60
54
68
60
53
61
63
52
65
64
52
60
60
51
66
58
55
52
68
58
49
60
60
53
60
61
52
62
62
51
60
63
51
63
76
72
53
61
64
82
80
60
73
65
58
50
59
64
52
62
64
57
51
66
59
53
56
57
52
61
58
50
75
58
53
62
57
51
52
63
62
52
60
57
52
62
58
53
61
60
51
62
62
51
60
63
62
53
64
58
50
58
57
55
61
75
50
58
59
50
58
59
63
50
61
63
57
59
61
49
59
58
50
61
61
53
60
63
49
52
61
57
49
61
59
51
59
61
52
59
56
53
56
56
48
57
55
62
55
64
56
49
61
58
67
59
57
51
60
56
51
56
56
56
50
57
59
52
63
58
61
61
57
53
62
59
50
59
57
47
52
61
59
52
58
60
52
62
58
49
61
59
57
68
60
51
59
56
62
48
59
59
55
66
60
52
58
58
49
74
58
51
60
61
62
53
69
59
52
61
60
49
59
69
81
61
60
55
61
61
50
54
64
77
49
60
60
55
62
63
52
61
55
54
70
62
50
58
60
58
50
56
56
59
64
57
55
59
78
73
76
64
66
63
64
61
51
58
61
49
59
57
56
62
61
50
58
59
51
89
58
59
53
119
109
80
59
58
52
61
59
53
68
91
87
61
55
51
59
56
60
49
66
71
54
67
56
74
57
62
55
59
71
53
58
57
56
51
64
84
48
59
58
51
61
61
94
79
64
105
172
136
162
174
231
174
57
59
58
48
60
58
51
59
61
51
60
58
52
57
59
59
134
140
133
52
60
58
52
58
58
53
58
58
128
130
119
57
53
59
56
51
59
55
52
58
118
96
122
133
63
58
55
51
57
110
58
58
124
62
188
204
66
125
107
103
77
91
84
68
85
78
69
64
71
63
80
58
53
48
57
56
49
58
61
61
57
56
63
52
59
63
54
57
61
51
62
57
56
96
56
56
62
60
151
105
96
94
76
96
83
80
89
80
97
92
88
89
79
67
69
73
153
96
93
85
99
77
115
121
109
116
73
72
114
108
101
105
69
201
301
164
69
59
162
271
120
113
58
51
59
65
49
74
58
54
53
57
71
52
57
62
57
58
70
53
67
63
52
62
60
55
64
60
57
53
66
59
53
59
64
50
62
59
53
57
57
50
58
59
57
51
60
61
49
64
60
51
58
66
53
60
60
56
58
58
60
54
55
62
51
58
58
49
60
60
64
57
58
61
56
62
52
58
64
60
54
80
62
53
90
94
85
94
65
56
76
85
84
94
97
56
78
72
79
85
65
64
68
78
87
162
144
86
80
87
55
69
64
71
87
57
78
63
75
91
89
50
82
91
97
121
59
65
94
84
94
51
66
68
75
89
60
57
70
70
66
71
72
70
79
87
83
49
73
87
79
61
109
98
92
58
57
72
92
91
98
61
60
62
74
79
61
72
74
82
87
60
53
60
61
49
68
93
78
97
68
70
73
80
85
56
71
73
84
58
76
77
77
63
57
80
83
68
64
83
79
50
63
66
66
74
66
56
98
62
51
70
66
66
73
64
65
60
78
88
49
78
88
93
60
88
67
76
68
65
81
85
95
58
64
74
81
87
65
62
81
87
98
62
76
55
85
91
107
85
65
57
52
55
58
52
56
63
64
81
80
51
64
74
71
72
63
66
60
68
78
52
56
66
62
76
70
56
62
66
78
79
59
58
54
69
75
93
58
84
86
96
58
81
92
101
52
78
78
99
50
75
87
98
63
82
81
79
57
52
58
58
54
56
64
53
51
60
59
50
59
56
51
57
60
51
57
64
51
57
57
56
57
69
70
58
58
57
58
57
57
49
57
56
55
59
56
54
77
85
63
51
59
57
52
58
60
51
56
56
56
57
56
50
57
55
48
48
56
61
50
59
55
51
58
56
54
55
79
79
89
58
50
64
58
58
50
56
56
52
60
57
51
58
57
51
57
65
50
56
61
54
62
57
58
52
57
59
54
56
57
53
72
74
76
80
57
52
56
57
56
55
60
55
52
61
60
56
58
56
52
58
58
53
57
56
57
49
58
61
49
58
57
51
58
58
78
78
78
51
56
58
55
50
56
62
65
59
57
50
56
58
51
58
57
64
60
59
50
73
82
58
50
64
54
58
57
55
51
58
64
63
76
88
52
58
57
53
58
57
57
49
59
61
52
58
62
50
61
59
69
63
63
58
51
59
60
53
63
57
51
59
60
74
99
59
52
59
60
48
56
58
59
50
64
65
48
62
59
47
66
59
51
58
65
55
59
57
58
51
66
62
50
57
61
50
61
76
68
83
58
54
63
61
59
50
63
57
51
61
54
53
61
56
49
58
58
56
59
57
51
52
57
57
48
58
56
52
62
67
60
62
88
84
60
56
48
58
62
62
58
73
56
52
55
57
54
56
59
51
56
60
49
57
60
55
50
57
58
51
59
56
52
61
56
52
71
79
79
62
71
49
61
66
115
52
68
57
50
58
57
52
59
57
54
57
59
52
60
59
58
55
59
61
48
59
60
50
60
76
74
87
74
50
56
57
58
51
61
60
51
60
56
48
58
59
55
59
62
51
67
64
51
52
57
65
51
57
55
50
107
68
65
83
85
79
98
60
54
59
60
59
50
59
57
50
64
61
52
67
59
55
65
62
47
60
61
59
51
58
64
52
60
59
49
89
68
60
84
72
54
56
57
49
54
60
57
53
61
58
55
61
63
53
59
55
60
57
57
57
61
54
56
49
63
58
48
58
88
95
109
109
93
59
58
48
59
58
58
54
60
61
49
59
57
50
56
58
51
61
59
52
61
56
54
51
57
71
51
60
79
78
91
103
86
61
58
56
65
57
90
89
99
88
79
61
59
50
64
58
58
58
62
49
61
61
50
58
62
63
50
64
56
50
59
67
63
64
74
57
62
59
55
66
60
55
56
65
60
48
69
58
54
58
65
74
121
58
52
62
85
53
60
62
78
167
169
88
86
99
96
91
95
83
133
96
96
91
105
102
97
89
86
83
77
90
89
73
73
63
63
62
67
58
59
64
120
51
63
59
58
60
122
51
58
63
51
61
60
54
60
102
52
64
63
57
55
61
78
52
61
61
51
62
57
50
56
58
50
62
59
58
50
62
59
52
59
59
51
60
55
51
59
57
64
60
60
50
128
95
59
49
150
73
58
57
57
53
60
65
50
62
59
52
58
59
60
51
61
59
51
59
58
50
159
201
144
59
242
154
95
102
96
88
98
105
81
87
91
80
67
75
51
55
59
55
61
60
49
54
69
69
49
59
58
49
66
62
59
59
57
52
59
60
50
59
58
62
50
62
57
52
59
58
51
58
63
58
60
61
52
63
60
63
49
59
58
50
59
73
50
62
58
68
60
64
53
59
56
50
50
60
57
53
62
59
50
58
60
49
58
57
49
59
60
57
61
63
59
51
71
60
51
60
57
50
61
60
51
62
60
53
64
59
58
49
58
60
53
61
58
52
63
57
70
73
58
52
59
60
49
50
62
57
55
58
60
52
62
58
58
59
64
51
58
58
50
59
72
60
47
62
58
49
68
57
48
63
56
54
58
62
53
57
64
62
54
56
56
51
57
61
53
57
54
51
64
56
65
59
59
54
51
58
59
51
60
60
51
64
59
57
59
59
52
58
61
55
59
58
60
52
60
59
50
59
61
49
59
61
50
57
66
50
61
63
64
52
58
61
50
61
57
49
59
61
51
61
57
100
79
60
49
52
69
79
58
59
60
49
59
61
54
59
61
55
63
61
50
63
58
59
50
60
63
56
69
59
51
63
59
67
57
61
61
58
59
61
53
62
63
50
61
57
56
63
59
67
92
109
123
116
100
113
82
67
112
110
86
60
52
66
55
56
61
59
48
60
60
49
61
60
60
51
63
60
53
58
59
50
60
64
49
60
61
51
58
57
57
49
75
58
53
58
60
51
62
66
50
58
61
51
59
61
50
49
75
57
50
61
61
53
91
60
47
63
59
54
62
58
59
58
61
61
50
60
55
62
59
56
47
58
64
50
61
58
50
60
59
59
55
60
63
54
59
56
50
62
65
52
59
58
49
56
62
51
51
58
57
58
71
61
67
58
63
49
59
59
50
58
63
54
77
74
73
51
58
57
50
57
59
52
60
60
49
59
61
51
61
57
57
54
60
62
56
58
67
70
58
58
50
59
59
50
60
60
53
111
70
57
49
77
59
52
58
56
56
60
58
57
59
57
55
76
67
56
53
61
54
53
62
59
55
62
62
51
60
59
58
61
61
55
50
60
60
50
59
60
57
61
76
55
69
60
51
60
57
53
52
64
72
51
59
59
50
90
59
51
68
58
53
105
65
50
60
57
62
77
59
70
75
84
71
50
60
56
54
62
60
52
61
59
60
54
63
61
48
63
60
50
65
59
54
115
67
78
60
59
58
53
62
62
51
62
63
55
65
62
50
62
62
50
60
59
50
63
58
56
61
59
62
52
60
53
59
55
65
48
59
60
50
63
59
57
55
64
63
52
59
61
50
63
72
48
59
63
53
69
61
48
51
57
59
52
60
54
50
60
63
53
62
62
52
58
63
54
58
59
56
52
57
55
54
56
59
56
58
58
80
86
186
94
78
57
60
132
56
54
50
59
59
52
60
88
56
67
55
47
55
58
51
50
59
57
50
57
58
52
56
64
52
62
68
52
58
69
55
61
59
57
56
59
60
49
57
62
51
66
58
158
81
57
50
59
58
98
61
58
56
55
64
62
59
63
60
52
59
58
60
60
66
54
51
62
64
49
75
58
53
56
70
53
70
61
52
65
75
53
65
55
57
49
58
60
51
57
56
50
57
62
48
58
59
51
59
59
54
53
57
57
50
61
57
55
58
155
60
76
79
73
108
104
114
149
117
93
78
64
57
53
56
57
57
59
252
154
117
132
121
123
79
139
55
60
65
50
61
60
61
56
64
52
61
60
49
66
62
75
75
79
94
82
84
71
49
160
134
131
132
144
128
131
151
143
113
80
60
50
72
64
103
62
67
54
65
62
54
59
58
53
58
62
64
48
61
56
50
58
60
58
57
63
52
69
57
60
69
62
59
57
61
56
56
63
61
50
57
65
52
58
64
51
59
57
52
51
60
54
56
58
61
47
59
57
52
57
55
52
57
58
54
59
58
70
50
59
61
51
62
59
50
56
58
54
61
59
63
58
58
59
51
57
59
50
60
58
52
59
58
52
65
57
49
58
62
59
51
56
57
51
58
58
50
61
62
48
61
59
51
62
54
52
61
89
61
51
58
59
51
71
70
78
94
56
51
57
62
51
64
60
59
50
62
56
52
62
56
52
57
68
51
58
58
52
60
58
49
52
58
58
53
69
57
66
59
57
58
59
64
48
60
64
70
58
57
59
48
61
62
64
58
58
50
60
59
54
60
62
50
55
61
59
137
99
150
93
85
90
86
94
102
53
84
86
99
76
58
57
52
63
58
50
60
61
51
59
72
50
60
58
47
58
58
51
59
57
57
53
59
57
51
59
58
49
57
57
53
60
59
51
59
60
58
56
56
62
53
59
57
52
57
58
51
58
59
50
70
57
51
52
58
58
50
65
56
52
67
67
52
55
58
57
57
65
96
57
57
59
52
58
58
56
58
60
89
63
56
50
58
59
49
58
57
68
55
58
88
66
62
72
70
61
87
77
126
100
94
90
57
57
54
61
157
52
90
136
81
92
85
53
59
86
56
138
61
52
60
145
199
110
85
84
151
83
132
126
273
123
52
55
118
364
178
337
307
149
194
59
53
57
58
49
68
59
51
60
85
53
61
60
50
49
66
61
49
65
58
71
62
58
50
59
65
53
57
59
53
64
61
57
50
57
55
55
61
61
57
59
62
49
61
59
54
60
62
68
50
57
60
56
60
64
56
58
60
51
58
61
382
298
213
224
95
56
60
124
60
55
52
60
58
48
58
58
49
68
62
58
60
63
57
53
59
58
47
55
59
60
64
56
53
59
58
54
63
58
68
50
61
62
50
84
57
52
57
54
50
60
57
52
67
56
54
52
56
56
52
57
58
48
61
56
51
58
56
48
57
59
51
59
56
77
94
141
125
49
63
57
52
57
57
57
180
57
49
69
66
57
49
54
57
50
59
58
50
63
67
47
60
60
53
59
56
59
50
56
62
51
58
57
51
58
64
79
77
59
54
71
57
51
56
58
54
55
55
55
88
61
62
50
55
63
51
56
57
51
170
119
92
91
106
104
120
113
100
103
93
57
51
54
59
52
84
56
52
51
56
78
52
59
58
53
57
58
49
58
60
51
58
72
78
67
71
77
82
116
76
48
58
60
49
203
207
168
84
76
80
93
103
93
91
95
88
87
86
63
67
99
60
92
61
71
54
56
58
57
59
70
68
67
60
55
51
59
61
50
56
58
49
58
57
54
60
64
56
52
58
59
53
59
57
54
68
56
52
57
56
50
56
55
60
57
59
65
54
57
57
49
56
58
55
59
55
48
59
57
54
51
58
57
65
62
59
74
56
57
51
57
62
55
57
60
48
60
53
55
50
64
62
50
55
57
50
57
57
51
55
59
58
57
58
57
52
56
56
50
56
56
53
63
122
55
57
55
51
60
54
59
50
58
57
50
60
56
52
59
57
52
56
55
49
60
61
55
64
62
95
51
58
56
53
58
63
52
66
56
54
55
59
49
59
55
56
51
58
58
52
64
54
51
58
57
48
59
57
51
56
56
56
53
68
56
48
57
60
49
57
62
52
57
58
51
56
57
49
59
61
55
51
55
58
53
59
56
48
54
64
55
53
59
46
57
57
55
49
54
58
51
64
59
54
59
54
50
63
56
51
57
59
53
55
59
55
49
58
58
51
75
61
76
56
57
50
59
56
49
55
59
54
51
62
71
59
57
59
53
57
57
51
58
58
51
58
57
60
49
56
58
52
59
57
51
61
60
51
66
58
54
58
56
48
53
58
71
49
59
55
51
59
57
53
59
75
73
69
61
48
58
61
56
50
58
56
50
72
57
56
59
57
51
59
60
58
59
55
55
50
61
56
51
62
61
51
75
70
60
61
58
54
58
69
51
65
61
60
50
69
69
49
60
61
51
61
58
52
61
60
50
57
55
57
50
63
58
53
59
61
52
60
54
51
57
61
51
59
144
206
144
150
191
135
183
134
220
121
130
129
139
90
57
63
73
68
52
63
65
72
62
65
63
90
90
87
96
102
84
98
97
50
64
56
57
54
63
149
90
88
92
88
100
95
74
89
95
76
82
74
85
90
91
95
88
61
58
50
58
58
52
57
61
64
74
86
84
50
69
55
50
58
59
53
59
63
50
56
68
64
72
81
52
61
56
56
54
59
59
51
58
59
59
66
64
50
58
58
51
65
65
85
75
74
57
66
58
55
51
60
59
67
137
72
49
64
94
54
50
59
54
49
60
59
52
61
55
52
58
63
50
58
60
55
61
57
77
51
60
63
51
61
58
51
58
69
51
61
59
53
57
57
56
50
57
57
51
66
55
55
67
58
50
61
59
52
60
71
62
54
62
64
70
75
70
50
74
71
67
85
55
54
66
68
60
83
61
72
77
95
55
54
61
59
52
56
64
58
77
60
52
59
58
58
68
59
61
51
56
58
53
57
72
65
85
55
50
58
56
48
51
56
57
58
59
58
56
69
69
72
57
53
50
57
185
105
59
67
56
63
87
100
49
58
61
55
62
59
56
68
58
52
60
63
58
49
61
61
50
59
59
54
59
57
53
61
59
52
72
59
48
53
57
59
52
68
64
54
60
59
52
60
79
49
59
62
53
93
92
68
50
60
61
53
59
61
52
59
58
50
58
62
50
62
54
60
51
58
59
51
61
57
60
64
57
50
62
55
51
58
61
54
53
56
57
52
65
59
51
60
59
53
61
58
52
58
57
53
56
56
57
64
56
61
49
58
57
51
59
56
59
59
55
53
58
58
57
51
58
61
52
59
60
52
61
55
51
55
57
54
60
61
55
53
59
56
50
56
56
55
66
60
51
57
55
50
59
56
48
57
59
57
48
60
67
54
57
58
65
57
57
50
57
57
62
58
64
60
50
58
61
52
58
58
49
61
63
50
59
